1 0.8189004629629629 0.8212789351851851 0.2167592592592591 0.29064814814814816
1 0.8547685185185185 0.5090972222222222 0.23149305555555558 0.3361689814814815
1 0.8741493055555555 0.20262731481481483 0.23728009259259258 0.3050115740740741
1 0.6739583333333334 0.16575810185185186 0.20416666666666677 0.28421296296296295
1 0.6282291666666666 0.5108912037037037 0.2532060185185186 0.32555555555555565
1 0.6147916666666667 0.7852488425925925 0.17040509259259268 0.21966435185185187
1 0.35625578703703703 0.7851736111111112 0.25850694444444444 0.2615856481481481
1 0.4026678240740741 0.49939236111111107 0.2611574074074074 0.3350462962962963
1 0.43974537037037037 0.16249421296296296 0.2548842592592592 0.3249884259259259
1 0.16348958333333333 0.29985532407407406 0.29142361111111115 0.3745486111111111
1 0.12972800925925926 0.6784895833333333 0.2594560185185185 0.3211458333333333