1 0.5703125 0.5640625 0.17578125 0.33359375
1 0.7421875 0.63046875 0.18828125 0.4078125
1 0.91953125 0.6015625 0.1609375 0.29375
1 0.359375 0.615625 0.19375 0.384375
1 0.1453125 0.60390625 0.1703125 0.30703125
1 0.0859375 0.3078125 0.09609375 0.16796875
1 0.21328125 0.31171875 0.12578125 0.1703125
1 0.3296875 0.3109375 0.0921875 0.1625
1 0.48203125 0.3171875 0.128125 0.16015625
1 0.62734375 0.325 0.09375 0.165625
1 0.778125 0.34296875 0.1 0.1890625
1 0.96015625 0.3359375 0.0796875 0.17578125
1 0.91484375 0.08515625 0.1140625 0.165625
1 0.6953125 0.0546875 0.08203125 0.10390625
1 0.5390625 0.04921875 0.07421875 0.09296875
1 0.3703125 0.06796875 0.084375 0.13046875
1 0.13203125 0.07578125 0.0921875 0.146875