1 0.19603587962962962 0.1531539351851852 0.28217592592592594 0.20393518518518516
1 0.5081886574074075 0.15535300925925927 0.32633101851851853 0.21649305555555554
1 0.815480324074074 0.17375578703703703 0.2953703703703702 0.22314814814814815
1 0.8487847222222221 0.37783564814814813 0.27546296296296297 0.1912037037037037
1 0.5025173611111111 0.38139467592592596 0.31469907407407405 0.23946759259259257
1 0.22792245370370373 0.36108217592592595 0.21192129629629627 0.16076388888888893
1 0.2234375 0.6191550925925926 0.2510416666666667 0.24803240740740726
1 0.5100983796296297 0.6071469907407407 0.3243055555555555 0.24606481481481488
1 0.8453703703703704 0.6120949074074075 0.3092592592592592 0.23993055555555554
1 0.7055266203703704 0.8662471064814815 0.36284722222222215 0.26750578703703703
1 0.32566550925925924 0.8675057870370371 0.30978009259259254 0.264988425925926