1 0.809 0.14587737843551796 0.274 0.1945031712473573
1 0.497 0.13636363636363635 0.318 0.20507399577167018
1 0.19 0.14376321353065538 0.288 0.21141649048625794
1 0.164 0.346723044397463 0.268 0.18181818181818182
1 0.511 0.36363636363636365 0.306 0.22832980972515857
1 0.785 0.35306553911205074 0.206 0.1522198731501057
1 0.799 0.6120507399577167 0.242 0.23890063424947147
1 0.512 0.5887949260042283 0.316 0.2346723044397463
1 0.167 0.5813953488372093 0.318 0.22832980972515857
1 0.326 0.8456659619450317 0.352 0.26215644820295986
1 0.706 0.861522198731501 0.3 0.2642706131078224