1 0.57 0.564 0.176 0.3333333333333333
1 0.742 0.6306666666666667 0.188 0.408
1 0.92 0.6026666666666667 0.16 0.29333333333333333
1 0.359 0.616 0.194 0.384
1 0.145 0.604 0.17 0.30666666666666664
1 0.086 0.308 0.096 0.168
1 0.213 0.312 0.126 0.17066666666666666
1 0.33 0.31066666666666665 0.092 0.16266666666666665
1 0.482 0.31733333333333336 0.128 0.16
1 0.627 0.3253333333333333 0.094 0.16533333333333333
1 0.778 0.3426666666666667 0.1 0.18933333333333333
1 0.96 0.336 0.08 0.176
1 0.915 0.08533333333333333 0.114 0.16533333333333333
1 0.695 0.05466666666666667 0.082 0.104
1 0.539 0.04933333333333333 0.074 0.09333333333333334
1 0.37 0.068 0.084 0.13066666666666665
1 0.132 0.076 0.092 0.14666666666666667