1 0.422673611111111 0.5730439814814815 0.27263888888888876 0.3725462962962963
1 0.269375 0.6846180555555555 0.3071527777777778 0.4464467592592591
1 0.10625868055555557 0.7052372685185185 0.21251736111111114 0.3284259259259258
1 0.6400694444444445 0.5651388888888889 0.3046875 0.4261111111111111
1 0.8469270833333333 0.4957118055555555 0.25888888888888884 0.34423611111111113
1 0.8407986111111111 0.1944386574074074 0.14583333333333356 0.189537037037037
1 0.7172916666666667 0.23296296296296298 0.17281250000000004 0.19930555555555554
1 0.6034722222222222 0.26431712962962967 0.13930555555555557 0.18319444444444438
1 0.45614583333333336 0.31178240740740737 0.17395833333333338 0.1899537037037037
1 0.31585069444444447 0.3591435185185185 0.14100694444444448 0.18634259259259256
1 0.17194444444444446 0.417488425925926 0.1545486111111111 0.2099652777777777
1 0.02859375 0.45961226851851855 0.0571875 0.19015046296296295
1 0.031875 0.20652199074074074 0.06375 0.19008101851851852
1 0.19074652777777779 0.1174074074074074 0.11003472222222221 0.12186342592592592
1 0.34197916666666667 0.06988425925925926 0.10173611111111107 0.11081018518518519
1 0.5097569444444444 0.05835069444444444 0.12111111111111121 0.11670138888888888
1 0.7427951388888889 0.03401620370370371 0.13003472222222215 0.06803240740740742