1 0.4240277777777778 0.5549189814814814 0.2171875 0.3593171296296296
1 0.2581076388888889 0.6445891203703704 0.2406944444444444 0.4335648148148149
1 0.08909722222222223 0.6402488425925925 0.17819444444444446 0.3163773148148149
1 0.6382291666666667 0.5758680555555555 0.24177083333333335 0.4117476851851851
1 0.8506944444444444 0.5344328703703705 0.20874999999999985 0.3309027777777779
1 0.8855034722222221 0.23260995370370371 0.11802083333333328 0.18234953703703702
1 0.7593402777777778 0.2544560185185185 0.14625000000000005 0.18807870370370372
1 0.6434548611111112 0.2704571759259259 0.11319444444444446 0.17592592592592596
1 0.49140625 0.2979456018518518 0.14756944444444448 0.17719907407407404
1 0.34715277777777775 0.3259259259259259 0.11482638888888888 0.17910879629629628
1 0.19875 0.36498842592592595 0.12315972222222223 0.20283564814814808
1 0.03345486111111111 0.3837962962962963 0.06690972222222222 0.18553240740740745
1 0.05421875 0.12844328703703706 0.1084375 0.1806134259259259
1 0.25765625000000003 0.06773726851851851 0.09465277777777778 0.11435185185185186
1 0.4128298611111111 0.046238425925925926 0.08663194444444447 0.09247685185185185
1 0.58140625 0.053385416666666664 0.09968749999999993 0.10677083333333333
1 0.8197916666666666 0.04438657407407407 0.11041666666666679 0.08877314814814814