1 0.521000 0.519200 0.052800 0.100000
1 0.572600 0.539200 0.056400 0.122400
1 0.626000 0.530800 0.048000 0.088000
1 0.457700 0.534800 0.058200 0.115200
1 0.393500 0.531200 0.051000 0.092000
1 0.375800 0.442400 0.028800 0.050400
1 0.413900 0.443600 0.037800 0.051200
1 0.449000 0.443200 0.027600 0.048800
1 0.494600 0.445200 0.038400 0.048000
1 0.538100 0.447600 0.028200 0.049600
1 0.583400 0.452800 0.030000 0.056800
1 0.638000 0.450800 0.024000 0.052800
1 0.624500 0.375600 0.034200 0.049600
1 0.558500 0.366400 0.024600 0.031200
1 0.511700 0.364800 0.022200 0.028000
1 0.461000 0.370400 0.025200 0.039200
1 0.389600 0.372800 0.027600 0.044000
